30 9
0 1 146.84984
0 2 96.68059
0 3 189.24393
0 4 149.73207
0 5 212.05473
0 6 162.63725
0 7 151.47035
0 8 153.73274
0 9 192.31798
0 10 193.01938
0 11 143.52797
0 12 161.03575
0 13 128.41849
0 14 183.83191
0 15 168.20007
0 16 161.06454
0 17 192.03317
0 18 154.93330
0 19 155.63942
0 20 121.53973
0 21 168.68613
0 22 143.44133
0 23 173.36604
0 24 163.18846
0 25 165.30627
0 26 163.49196
0 27 179.74664
0 28 122.96145
0 29 146.53510
1 2 111.55090
1 3 136.33614
1 4 159.41217
1 5 159.29387
1 6 104.16907
1 7 156.25180
1 8 141.98192
1 9 155.88470
1 10 137.87625
1 11 146.68839
1 12 157.95634
1 13 134.60220
1 14 109.95840
1 15 151.63344
1 16 77.52886
1 17 134.03851
1 18 144.83492
1 19 143.79773
1 20 109.36805
1 21 126.30811
1 22 153.85384
1 23 153.16150
1 24 134.06805
1 25 131.90178
1 26 108.78845
1 27 140.06793
1 28 138.26109
1 29 82.94785
2 3 156.01468
2 4 153.42250
2 5 174.35428
2 6 149.10789
2 7 140.67680
2 8 113.49220
2 9 169.20016
2 10 177.75655
2 11 153.61916
2 12 119.47665
2 13 84.03683
2 14 145.47198
2 15 129.85922
2 16 110.02833
2 17 140.56610
2 18 140.46478
2 19 165.28110
2 20 84.65242
2 21 103.16634
2 22 118.74476
2 23 169.19308
2 24 102.33291
2 25 129.98807
2 26 143.77899
2 27 134.07397
2 28 135.15080
2 29 123.80009
3 4 163.49948
3 5 157.42024
3 6 132.18739
3 7 175.87790
3 8 144.50409
3 9 183.18346
3 10 154.16429
3 11 152.76833
3 12 169.59470
3 13 156.46544
3 14 169.56364
3 15 122.07752
3 16 134.54008
3 17 172.99040
3 18 150.43480
3 19 126.18161
3 20 131.37123
3 21 116.12051
3 22 154.66566
3 23 158.48654
3 24 121.82251
3 25 151.18451
3 26 90.26119
3 27 157.21449
3 28 173.15178
3 29 156.00461
4 5 191.07307
4 6 157.18770
4 7 158.63176
4 8 127.93393
4 9 130.29807
4 10 106.70850
4 11 142.01212
4 12 183.95390
4 13 131.83568
4 14 167.12166
4 15 179.27455
4 16 157.97118
4 17 184.70467
4 18 100.00348
4 19 123.67670
4 20 151.31599
4 21 166.21770
4 22 123.13388
4 23 149.50226
4 24 152.40024
4 25 136.62344
4 26 160.38943
4 27 126.07224
4 28 151.55791
4 29 148.36438
5 6 124.23028
5 7 157.02495
5 8 172.05608
5 9 146.81984
5 10 166.74243
5 11 134.95636
5 12 154.68973
5 13 150.06114
5 14 113.26542
5 15 138.80331
5 16 137.62325
5 17 152.14766
5 18 144.19409
5 19 180.71608
5 20 139.72701
5 21 139.31981
5 22 179.52925
5 23 126.56216
5 24 166.51659
5 25 98.35815
5 26 138.07030
5 27 128.70813
5 28 186.42165
5 29 174.61745
6 7 155.76733
6 8 163.43466
6 9 173.97794
6 10 136.56767
6 11 128.70082
6 12 163.45309
6 13 135.13130
6 14 119.87028
6 15 151.79381
6 16 132.47797
6 17 174.47253
6 18 134.11537
6 19 105.74280
6 20 125.78757
6 21 160.14740
6 22 171.00674
6 23 94.45334
6 24 148.88258
6 25 124.78704
6 26 112.33113
6 27 154.67381
6 28 149.61429
6 29 151.91498
7 8 122.46264
7 9 139.22766
7 10 163.31827
7 11 118.30171
7 12 141.83377
7 13 111.78378
7 14 159.38629
7 15 156.17030
7 16 153.95816
7 17 100.86866
7 18 140.73299
7 19 154.64900
7 20 114.07140
7 21 163.04399
7 22 94.80451
7 23 127.04068
7 24 126.35037
7 25 130.83670
7 26 164.62279
7 27 155.20786
7 28 118.43833
7 29 143.24037
8 9 121.75917
8 10 119.92272
8 11 133.23715
8 12 128.38170
8 13 113.23957
8 14 145.15224
8 15 143.10252
8 16 128.61432
8 17 116.44178
8 18 132.44002
8 19 153.33868
8 20 119.51423
8 21 115.48281
8 22 107.34246
8 23 164.12216
8 24 89.74960
8 25 126.00718
8 26 152.55634
8 27 134.38820
8 28 142.37567
8 29 140.51033
9 10 100.80870
9 11 150.02277
9 12 169.84265
9 13 152.29366
9 14 129.42882
9 15 166.55562
9 16 136.65080
9 17 134.89810
9 18 124.16536
9 19 188.39536
9 20 158.45845
9 21 153.37080
9 22 140.12250
9 23 147.53403
9 24 152.17162
9 25 127.16295
9 26 179.44666
9 27 114.72216
9 28 156.20801
9 29 135.92403
10 11 151.91283
10 12 167.83774
10 13 154.20697
10 14 126.27157
10 15 189.29916
10 16 141.12311
10 17 160.07343
10 18 121.99757
10 19 144.50438
10 20 170.95331
10 21 169.15652
10 22 163.97278
10 23 136.40616
10 24 150.13104
10 25 138.27222
10 26 160.95493
10 27 149.62878
10 28 143.61017
10 29 142.18797
11 12 170.73747
11 13 142.42946
11 14 141.55411
11 15 143.00792
11 16 143.80168
11 17 152.81036
11 18 129.53746
11 19 112.35718
11 20 110.21497
11 21 146.80051
11 22 136.63734
11 23 133.67322
11 24 163.76747
11 25 99.98990
11 26 110.08310
11 27 144.79207
11 28 148.93950
11 29 143.50214
12 13 96.80627
12 14 132.15077
12 15 176.53206
12 16 148.37621
12 17 130.98604
12 18 149.61765
12 19 193.64819
12 20 136.40222
12 21 142.96732
12 22 161.75764
12 23 170.23141
12 24 130.12337
12 25 142.46591
12 26 172.45953
12 27 180.83990
12 28 114.42176
12 29 156.50519
13 14 128.38921
13 15 156.94096
13 16 136.20842
13 17 128.82547
13 18 91.17480
13 19 142.30801
13 20 91.51890
13 21 133.55042
13 22 98.41077
13 23 138.31282
13 24 90.68286
13 25 112.61223
13 26 158.48656
13 27 135.87946
13 28 109.44823
13 29 130.95526
14 15 165.95583
14 16 118.29089
14 17 139.78036
14 18 134.62990
14 19 168.21597
14 20 133.56764
14 21 135.16881
14 22 174.77112
14 23 144.74278
14 24 158.53751
14 25 98.96623
14 26 144.35408
14 27 147.67532
14 28 142.53999
14 29 109.24145
15 16 129.63904
15 17 171.46831
15 18 175.66991
15 19 170.60690
15 20 115.93094
15 21 84.88457
15 22 146.88098
15 23 150.82762
15 24 135.94756
15 25 128.60600
15 26 116.23170
15 27 126.63978
15 28 191.59311
15 29 163.36913
16 17 114.86864
16 18 149.70384
16 19 174.85484
16 20 125.47955
16 21 85.78374
16 22 156.50127
16 23 149.40788
16 24 126.65813
16 25 96.90192
16 26 113.47534
16 27 106.44356
16 28 152.28737
16 29 107.85218
17 18 157.56534
17 19 194.13660
17 20 127.61867
17 21 136.57167
17 22 129.02419
17 23 173.92043
17 24 122.93113
17 25 129.95200
17 26 162.07556
17 27 143.13112
17 28 148.60710
17 29 129.17038
18 19 121.38997
18 20 116.45331
18 21 158.29240
18 22 109.41739
18 23 135.99432
18 24 124.51540
18 25 122.26093
18 26 156.84398
18 27 123.91597
18 28 130.04404
18 29 136.28040
19 20 123.89650
19 21 178.31836
19 22 137.36665
19 23 138.75275
19 24 152.75105
19 25 152.46666
19 26 120.14990
19 27 172.94760
19 28 155.33212
19 29 155.75369
20 21 111.20767
20 22 88.57159
20 23 156.40431
20 24 111.35804
20 25 122.09783
20 26 106.11439
20 27 123.39612
20 28 143.21437
20 29 114.64613
21 22 144.19052
21 23 173.36739
21 24 117.84964
21 25 102.99808
21 26 110.35619
21 27 110.98744
21 28 175.62251
21 29 130.32648
22 23 163.63968
22 24 100.89462
22 25 145.05928
22 26 158.45586
22 27 125.30912
22 28 146.29929
22 29 134.87714
23 24 148.33681
23 25 115.69258
23 26 158.83884
23 27 154.88722
23 28 137.39326
23 29 169.64789
24 25 138.27078
24 26 159.00197
24 27 138.13133
24 28 141.23100
24 29 147.19318
25 26 125.08447
25 27 102.04848
25 28 150.11266
25 29 131.99213
26 27 139.08466
26 28 174.23650
26 29 133.26102
27 28 193.59857
27 29 150.30737
28 29 116.14529
