30 6
0 1 143.89714
0 2 189.19154
0 3 146.72345
0 4 159.04694
0 5 167.18295
0 6 209.05594
0 7 159.26299
0 8 186.55748
0 9 160.50967
0 10 144.11026
0 11 191.03938
0 12 202.01649
0 13 177.50528
0 14 186.40506
0 15 185.91364
0 16 188.19756
0 17 203.51422
0 18 154.32033
0 19 130.93817
0 20 137.98238
0 21 142.93393
0 22 174.33047
0 23 194.02299
0 24 178.04491
0 25 141.43520
0 26 173.86139
0 27 176.38280
0 28 174.94168
0 29 185.61023
1 2 185.58073
1 3 165.48412
1 4 176.28793
1 5 195.75871
1 6 199.39218
1 7 153.44266
1 8 155.49753
1 9 144.92160
1 10 149.59842
1 11 176.34122
1 12 192.17188
1 13 167.94460
1 14 146.61864
1 15 182.19969
1 16 179.48932
1 17 185.19615
1 18 194.84848
1 19 172.33913
1 20 161.12567
1 21 173.14616
1 22 128.11784
1 23 159.43568
1 24 182.76881
1 25 157.59297
1 26 193.90469
1 27 153.70541
1 28 182.67049
1 29 167.80673
2 3 189.02821
2 4 158.09082
2 5 169.14674
2 6 183.63881
2 7 144.06317
2 8 179.37386
2 9 183.93336
2 10 165.57207
2 11 161.99843
2 12 187.81412
2 13 178.95610
2 14 212.99176
2 15 212.84601
2 16 159.76889
2 17 129.74371
2 18 167.76100
2 19 158.94780
2 20 165.32770
2 21 171.23558
2 22 226.33749
2 23 183.14975
2 24 163.33989
2 25 186.84813
2 26 203.25638
2 27 168.48930
2 28 161.50957
2 29 155.14458
3 4 173.72450
3 5 151.13753
3 6 217.29839
3 7 152.73849
3 8 173.32069
3 9 212.35457
3 10 163.86292
3 11 153.13954
3 12 151.66461
3 13 203.57399
3 14 180.31346
3 15 197.86652
3 16 190.04404
3 17 224.84348
3 18 145.99791
3 19 180.50000
3 20 139.61147
3 21 213.42702
3 22 170.45314
3 23 165.38774
3 24 184.70871
3 25 162.80232
3 26 180.58333
3 27 221.47820
3 28 169.92540
3 29 186.74179
4 5 170.25201
4 6 170.50987
4 7 122.27657
4 8 187.73979
4 9 155.43689
4 10 178.76459
4 11 152.74725
4 12 189.44295
4 13 200.70229
4 14 191.61888
4 15 143.74777
4 16 218.20532
4 17 200.30449
4 18 138.05031
4 19 109.93294
4 20 166.92970
4 21 167.68773
4 22 195.77905
4 23 162.49292
4 24 138.37755
4 25 152.30336
4 26 147.17853
4 27 136.49432
4 28 140.26936
4 29 189.48906
5 6 205.42625
5 7 123.95151
5 8 186.51213
5 9 199.56807
5 10 143.29762
5 11 204.95947
5 12 183.80804
5 13 194.25850
5 14 192.15875
5 15 175.89703
5 16 168.58142
5 17 196.45586
5 18 157.67030
5 19 164.33928
5 20 193.41086
5 21 206.57567
5 22 202.60519
5 23 189.37340
5 24 207.08093
5 25 162.36247
5 26 153.86288
5 27 199.66899
5 28 171.39406
5 29 207.43164
6 7 169.44739
6 8 168.26527
6 9 177.70769
6 10 168.76868
6 11 136.47375
6 12 202.62480
6 13 202.12363
6 14 192.30995
6 15 158.51738
6 16 244.42558
6 17 206.87677
6 18 216.13873
6 19 177.73338
6 20 203.56456
6 21 188.45499
6 22 197.71329
6 23 214.67139
6 24 143.48042
6 25 168.56181
6 26 190.34190
6 27 186.91382
6 28 97.29637
6 29 179.80688
7 8 184.08327
7 9 171.49939
7 10 151.32359
7 11 170.66858
7 12 184.52428
7 13 208.07707
7 14 196.10136
7 15 154.80060
7 16 190.40717
7 17 178.98338
7 18 129.17297
7 19 136.88681
7 20 186.42645
7 21 192.37212
7 22 205.60649
7 23 162.21851
7 24 149.42737
7 25 127.41228
7 26 159.11377
7 27 156.84940
7 28 162.35258
7 29 188.00623
8 9 159.03760
8 10 164.11287
8 11 113.63435
8 12 165.18307
8 13 160.16864
8 14 121.42739
8 15 174.86240
8 16 164.62303
8 17 179.26591
8 18 182.75642
8 19 167.50957
8 20 128.71060
8 21 169.48473
8 22 129.60553
8 23 180.14023
8 24 152.59993
8 25 155.67070
8 26 187.31441
8 27 188.18002
8 28 144.24704
8 29 165.30528
9 10 177.84283
9 11 178.31956
9 12 168.57707
9 13 150.10880
9 14 164.99510
9 15 155.07539
9 16 176.43492
9 17 180.90607
9 18 170.25452
9 19 143.98062
9 20 161.90665
9 21 102.40726
9 22 153.47408
9 23 204.05293
9 24 150.00034
9 25 144.78384
9 26 188.26881
9 27 150.20120
9 28 157.44992
9 29 165.48328
10 11 185.40910
10 12 177.59122
10 13 126.31752
10 14 178.67813
10 15 173.00128
10 16 166.32802
10 17 159.37639
10 18 186.32761
10 19 165.51535
10 20 173.93365
10 21 165.22076
10 22 175.99013
10 23 161.50615
10 24 185.38022
10 25 118.19066
10 26 196.32089
10 27 190.40051
10 28 144.23959
10 29 149.81267
11 12 167.31593
11 13 190.30672
11 14 174.61786
11 15 165.74297
11 16 203.91637
11 17 196.36205
11 18 169.95711
11 19 168.45459
11 20 133.49658
11 21 194.04623
11 22 155.19150
11 23 182.24394
11 24 115.03592
11 25 171.07877
11 26 176.97411
11 27 180.49095
11 28 114.28476
11 29 167.35620
12 13 159.33089
12 14 199.10182
12 15 176.85092
12 16 192.06001
12 17 201.08047
12 18 169.22397
12 19 175.55295
12 20 157.67401
12 21 184.73712
12 22 188.02397
12 23 174.89391
12 24 154.47151
12 25 165.97118
12 26 199.59160
12 27 223.83856
12 28 164.48750
12 29 155.51724
13 14 195.26303
13 15 171.20187
13 16 157.17950
13 17 161.94368
13 18 199.61792
13 19 200.04028
13 20 155.65721
13 21 148.67029
13 22 166.56839
13 23 192.31990
13 24 174.94193
13 25 160.82262
13 26 220.17966
13 27 185.55904
13 28 175.93288
13 29 110.45609
14 15 205.84982
14 16 191.23137
14 17 233.29942
14 18 205.47086
14 19 185.65935
14 20 172.89203
14 21 184.73093
14 22 119.96345
14 23 190.51799
14 24 208.81232
14 25 167.83867
14 26 191.42268
14 27 221.83952
14 28 152.46042
14 29 177.22075
15 16 229.00214
15 17 210.25667
15 18 193.52168
15 19 168.86469
15 20 204.91336
15 21 198.40094
15 22 179.05962
15 23 178.49908
15 24 146.95068
15 25 140.16364
15 26 163.26514
15 27 168.56285
15 28 160.76062
15 29 192.78394
16 17 126.33987
16 18 158.48041
16 19 199.08385
16 20 164.82932
16 21 176.97615
16 22 194.85388
16 23 240.00009
16 24 215.64551
16 25 171.49677
16 26 208.81929
16 27 195.18338
16 28 191.73404
16 29 173.97888
17 18 187.06355
17 19 185.12856
17 20 182.46967
17 21 166.81700
17 22 238.40013
17 23 229.85941
17 24 181.54832
17 25 177.69919
17 26 208.42580
17 27 153.30304
17 28 183.22505
17 29 182.49062
18 19 147.34793
18 20 140.48361
18 21 172.44748
18 22 211.20239
18 23 218.52460
18 24 144.07857
18 25 134.31659
18 26 158.97830
18 27 177.42094
18 28 168.09117
18 29 183.13472
19 20 158.39647
19 21 139.53305
19 22 193.32025
19 23 175.80763
19 24 153.55275
19 25 142.88564
19 26 158.69313
19 27 157.54700
19 28 145.43651
19 29 198.26315
20 21 139.43752
20 22 154.94557
20 23 191.58842
20 24 136.88838
20 25 176.68446
20 26 194.30185
20 27 170.77173
20 28 164.07449
20 29 149.04271
21 22 194.15649
21 23 220.38060
21 24 167.14626
21 25 151.09573
21 26 217.47745
21 27 159.19101
21 28 166.65427
21 29 165.75706
22 23 188.14505
22 24 199.03166
22 25 183.21306
22 26 202.53775
22 27 197.72200
22 28 166.47708
22 29 176.97986
23 24 185.50076
23 25 184.18439
23 26 222.50821
23 27 221.75635
23 28 199.74565
23 29 186.88373
24 25 152.92500
24 26 170.56432
24 27 162.35272
24 28 142.92204
24 29 151.22589
25 26 177.13963
25 27 187.74652
25 28 142.00987
25 29 158.61977
26 27 180.08510
26 28 140.12907
26 29 226.19533
27 28 184.05779
27 29 204.58957
28 29 158.63255
