30 18
0 1 147.28717
0 2 194.81970
0 3 190.63756
0 4 154.98341
0 5 128.51385
0 6 148.88857
0 7 164.61841
0 8 169.91330
0 9 153.12540
0 10 159.30933
0 11 121.73685
0 12 182.14249
0 13 151.36514
0 14 163.81296
0 15 173.38065
0 16 133.51669
0 17 185.19278
0 18 178.30267
0 19 180.22250
0 20 128.17834
0 21 157.58862
0 22 157.31319
0 23 131.00713
0 24 177.81378
0 25 135.47662
0 26 202.50679
0 27 175.23473
0 28 143.73174
0 29 195.39528
1 2 167.21368
1 3 169.34973
1 4 180.88432
1 5 129.86340
1 6 124.26308
1 7 174.97200
1 8 88.07841
1 9 152.89983
1 10 149.06033
1 11 120.44808
1 12 132.76938
1 13 150.90115
1 14 137.90439
1 15 128.07994
1 16 155.00162
1 17 159.03076
1 18 116.34085
1 19 167.31554
1 20 148.80858
1 21 154.02075
1 22 146.82727
1 23 145.54454
1 24 141.57790
1 25 127.31626
1 26 132.45894
1 27 167.67183
1 28 149.77348
1 29 202.44083
2 3 155.40773
2 4 189.16171
2 5 171.86397
2 6 177.21780
2 7 179.48878
2 8 131.62659
2 9 121.15192
2 10 167.14301
2 11 191.20674
2 12 155.99706
2 13 177.89996
2 14 179.12386
2 15 155.48064
2 16 189.54602
2 17 137.51898
2 18 153.82172
2 19 180.72330
2 20 212.59918
2 21 204.26779
2 22 170.15768
2 23 164.14728
2 24 119.25359
2 25 167.99521
2 26 164.69952
2 27 183.61247
2 28 199.34296
2 29 179.69695
3 4 145.59085
3 5 166.67780
3 6 163.49774
3 7 134.46254
3 8 130.97060
3 9 146.01451
3 10 95.33503
3 11 179.00623
3 12 171.12332
3 13 159.68062
3 14 156.21597
3 15 156.03555
3 16 148.24757
3 17 140.41998
3 18 137.86084
3 19 131.87936
3 20 174.64053
3 21 135.07104
3 22 132.51814
3 23 149.85521
3 24 144.87672
3 25 197.28516
3 26 139.62746
3 27 164.00958
3 28 138.06213
3 29 112.83105
4 5 152.68901
4 6 176.70459
4 7 177.22670
4 8 137.01015
4 9 182.93361
4 10 155.62233
4 11 157.79625
4 12 162.19916
4 13 214.34872
4 14 164.74112
4 15 173.12122
4 16 154.30396
4 17 187.66882
4 18 196.43837
4 19 117.97865
4 20 141.70372
4 21 162.29330
4 22 173.16504
4 23 174.68365
4 24 167.19313
4 25 196.63443
4 26 194.89960
4 27 194.37546
4 28 167.71996
4 29 180.98106
5 6 124.98712
5 7 168.54092
5 8 125.11766
5 9 169.05603
5 10 163.42700
5 11 132.08630
5 12 133.90514
5 13 174.64954
5 14 132.63347
5 15 149.24812
5 16 147.32759
5 17 140.22246
5 18 138.42686
5 19 166.10826
5 20 159.20303
5 21 131.75554
5 22 139.67250
5 23 143.69084
5 24 157.08414
5 25 131.78290
5 26 168.07808
5 27 183.68776
5 28 152.78944
5 29 185.49861
6 7 178.05920
6 8 126.38013
6 9 132.30661
6 10 170.83250
6 11 113.24618
6 12 137.88112
6 13 180.46339
6 14 158.40198
6 15 178.82660
6 16 171.27887
6 17 146.98447
6 18 167.45982
6 19 175.12224
6 20 184.88857
6 21 147.34436
6 22 143.75517
6 23 158.38922
6 24 170.32211
6 25 154.70381
6 26 182.57675
6 27 200.09793
6 28 154.11943
6 29 187.70882
7 8 169.26424
7 9 133.53851
7 10 79.71645
7 11 183.36424
7 12 163.44209
7 13 160.26543
7 14 192.02991
7 15 147.71207
7 16 143.72499
7 17 158.92342
7 18 130.62885
7 19 176.65471
7 20 153.63823
7 21 179.47897
7 22 122.46140
7 23 149.65982
7 24 165.89922
7 25 137.28590
7 26 148.40494
7 27 142.61615
7 28 119.78751
7 29 136.04500
8 9 139.58612
8 10 142.73734
8 11 137.16222
8 12 110.70866
8 13 176.02357
8 14 130.43681
8 15 121.36693
8 16 160.97600
8 17 155.17685
8 18 118.37666
8 19 116.39277
8 20 145.17664
8 21 149.92365
8 22 156.09258
8 23 141.67216
8 24 107.46665
8 25 152.54256
8 26 127.27950
8 27 163.13695
8 28 163.24467
8 29 176.74234
9 10 139.42027
9 11 161.72360
9 12 155.95135
9 13 179.87401
9 14 174.02110
9 15 162.46786
9 16 167.79471
9 17 148.27780
9 18 138.58479
9 19 169.33676
9 20 175.96666
9 21 194.79993
9 22 139.29706
9 23 144.16638
9 24 125.53316
9 25 150.65837
9 26 168.01683
9 27 151.66939
9 28 153.77870
9 29 176.66672
10 11 164.23289
10 12 157.06973
10 13 133.51080
10 14 162.10457
10 15 122.85737
10 16 116.34908
10 17 147.02744
10 18 128.26404
10 19 150.23491
10 20 139.55081
10 21 146.71681
10 22 97.66780
10 23 145.72066
10 24 148.89450
10 25 154.69818
10 26 126.15115
10 27 108.97772
10 28 90.08304
10 29 135.21196
11 12 131.71606
11 13 180.18394
11 14 156.74339
11 15 155.42570
11 16 122.71576
11 17 170.61574
11 18 163.99319
11 19 141.58096
11 20 163.69774
11 21 149.97816
11 22 127.98296
11 23 174.42871
11 24 146.46205
11 25 145.63617
11 26 186.35027
11 27 185.70958
11 28 151.51382
11 29 186.31761
12 13 217.14513
12 14 149.42096
12 15 137.99384
12 16 182.51543
12 17 143.32173
12 18 140.06520
12 19 140.05040
12 20 189.26599
12 21 192.25688
12 22 141.16154
12 23 185.62918
12 24 156.34377
12 25 130.71707
12 26 131.12941
12 27 173.51517
12 28 164.68733
12 29 173.98587
13 14 184.54720
13 15 159.68636
13 16 144.83862
13 17 179.99451
13 18 166.81592
13 19 217.50380
13 20 174.46541
13 21 139.93915
13 22 165.90547
13 23 129.91502
13 24 184.16428
13 25 157.89406
13 26 179.81717
13 27 180.25107
13 28 148.37552
13 29 175.81589
14 15 106.82547
14 16 152.68437
14 17 187.20914
14 18 142.28949
14 19 163.70381
14 20 162.24574
14 21 156.35361
14 22 169.72052
14 23 181.42918
14 24 173.69818
14 25 161.24295
14 26 185.58601
14 27 146.18700
14 28 128.58603
14 29 202.64166
15 16 116.73903
15 17 187.35524
15 18 115.01016
15 19 159.23206
15 20 142.42458
15 21 166.04143
15 22 145.73654
15 23 181.45314
15 24 131.36458
15 25 131.28192
15 26 166.73949
15 27 102.28842
15 28 121.60345
15 29 193.95078
16 17 183.38518
16 18 149.45430
16 19 154.47879
16 20 129.62180
16 21 132.94127
16 22 109.44470
16 23 181.17700
16 24 131.96806
16 25 167.47600
16 26 202.89642
16 27 134.67116
16 28 116.09953
16 29 178.88667
17 18 151.68094
17 19 197.32141
17 20 221.98215
17 21 185.58064
17 22 105.63848
17 23 159.10704
17 24 168.74126
17 25 162.58035
17 26 131.53418
17 27 206.39273
17 28 163.87906
17 29 157.25880
18 19 153.41277
18 20 159.59454
18 21 173.17911
18 22 135.58295
18 23 152.42615
18 24 116.32483
18 25 139.51277
18 26 119.93034
18 27 144.17471
18 28 153.08006
18 29 156.92581
19 20 151.82132
19 21 162.89265
19 22 167.04263
19 23 185.48215
19 24 123.51665
19 25 205.45518
19 26 168.35989
19 27 170.10001
19 28 186.42274
19 29 147.79170
20 21 177.27245
20 22 179.55493
20 23 147.67426
20 24 160.04976
20 25 172.07368
20 26 199.53915
20 27 137.91310
20 28 145.22006
20 29 198.11067
21 22 155.42609
21 23 171.99141
21 24 178.60251
21 25 191.00444
21 26 186.57524
21 27 193.88445
21 28 153.27408
21 29 178.73613
22 23 176.82655
22 24 143.57143
22 25 154.61526
22 26 150.37138
22 27 145.70015
22 28 108.48243
22 29 161.24530
23 24 168.63377
23 25 138.69658
23 26 146.88896
23 27 191.04369
23 28 160.58926
23 29 159.85674
24 25 176.45488
24 26 170.07492
24 27 154.87253
24 28 184.86430
24 29 179.23013
25 26 155.12611
25 27 173.22011
25 28 138.91475
25 29 196.61870
26 27 183.76581
26 28 170.93091
26 29 155.06973
27 28 118.03700
27 29 204.64832
28 29 183.19940
