30 24
0 1 62.11472
0 2 72.95363
0 3 54.26352
0 4 71.73360
0 5 85.72444
0 6 84.87472
0 7 49.34327
0 8 81.88306
0 9 82.95753
0 10 10.40308
0 11 74.98005
0 12 70.34838
0 13 39.53410
0 14 78.93079
0 15 89.89154
0 16 65.53915
0 17 43.11267
0 18 63.36225
0 19 73.92851
0 20 88.96150
0 21 72.76964
0 22 77.84782
0 23 98.63830
0 24 91.69790
0 25 70.40422
0 26 80.37932
0 27 22.30322
0 28 39.31804
0 29 101.69362
1 2 71.08249
1 3 58.97375
1 4 55.98043
1 5 28.37780
1 6 58.69419
1 7 55.32018
1 8 48.17549
1 9 29.29862
1 10 63.15479
1 11 57.87420
1 12 64.06532
1 13 24.13673
1 14 40.83990
1 15 37.51838
1 16 63.20358
1 17 82.38621
1 18 85.00344
1 19 55.97944
1 20 29.71085
1 21 61.80658
1 22 55.86142
1 23 58.80224
1 24 56.47301
1 25 62.54047
1 26 45.76945
1 27 58.90464
1 28 75.91489
1 29 49.43720
2 3 76.59898
2 4 39.62603
2 5 69.10507
2 6 43.50181
2 7 78.75253
2 8 84.32130
2 9 86.24005
2 10 73.48798
2 11 75.95148
2 12 78.77178
2 13 63.93679
2 14 96.32708
2 15 62.43863
2 16 15.63279
2 17 61.58836
2 18 70.92136
2 19 116.27827
2 20 82.24194
2 21 49.91626
2 22 115.69632
2 23 89.83551
2 24 52.74159
2 25 36.07555
2 26 97.89679
2 27 65.29842
2 28 79.75665
2 29 78.15092
3 4 89.60701
3 5 72.55389
3 6 59.78554
3 7 7.97514
3 8 39.60170
3 9 88.24197
3 10 63.52689
3 11 25.76481
3 12 17.25945
3 13 55.00516
3 14 47.65908
3 15 80.24108
3 16 77.82559
3 17 47.19129
3 18 34.57120
3 19 59.17790
3 20 69.08450
3 21 39.55047
3 22 57.12379
3 23 55.72639
3 24 98.80106
3 25 48.39928
3 26 45.26012
3 27 34.00694
3 28 30.75088
3 29 73.49422
4 5 56.89402
4 6 62.61572
4 7 88.43524
4 8 90.44009
4 9 58.61171
4 10 67.83748
4 11 90.37727
4 12 95.05720
4 13 49.79704
4 14 93.52957
4 15 49.17734
4 16 25.58195
4 17 83.16553
4 18 96.80063
4 19 108.57337
4 20 72.22641
4 21 73.49194
4 22 109.54327
4 23 97.15673
4 24 25.98083
4 25 63.15277
4 26 97.25307
4 27 73.66792
4 28 94.23189
4 29 77.49329
5 6 47.25578
5 7 71.68499
5 8 49.19505
5 9 35.20523
5 10 86.93844
5 11 61.20642
5 12 71.17002
5 13 48.82869
5 14 50.51474
5 15 13.56399
5 16 64.49201
5 17 96.55096
5 18 94.62428
5 19 76.88709
5 20 17.03632
5 21 60.47770
5 22 74.35630
5 23 50.57512
5 24 45.52944
5 25 60.71000
5 26 54.70624
5 27 78.72456
5 28 94.20438
5 29 26.85228
6 7 63.84567
6 8 50.16437
6 9 78.25194
6 10 89.01226
6 11 45.14231
6 12 53.20305
6 13 64.97559
6 14 68.30771
6 15 45.05445
6 16 50.58609
6 17 72.73930
6 18 64.74575
6 19 97.71208
6 20 54.84365
6 21 24.36733
6 22 94.24722
6 23 49.77837
6 24 60.64379
6 25 21.97130
6 26 68.73893
6 27 69.45280
6 28 78.97436
6 29 41.92833
7 8 41.09502
7 9 84.32786
7 10 58.51817
7 11 30.94669
7 12 24.04304
7 13 50.26617
7 14 44.97192
7 15 79.96257
7 16 78.40997
7 17 48.71851
7 18 40.32217
7 19 52.78193
7 20 67.81622
7 21 45.22018
7 22 51.48604
7 23 58.41336
7 24 98.16475
7 25 53.01847
7 26 43.10289
7 27 30.91512
7 28 29.83981
7 29 74.95222
8 9 72.68516
8 10 88.47961
8 11 21.16435
8 12 31.32467
8 13 60.96469
8 14 23.92440
8 15 59.53231
8 16 85.34281
8 17 81.68056
8 18 67.08085
8 19 56.45634
8 20 39.71526
8 21 43.84567
8 22 50.56013
8 23 18.36220
8 24 88.71257
8 25 54.84355
8 26 21.56359
8 27 65.82529
8 28 69.83233
8 29 40.82069
9 10 80.86053
9 11 85.44321
9 12 92.73507
9 13 44.22477
9 14 62.37901
9 15 39.97225
9 16 75.69958
9 17 108.22404
9 18 113.48182
9 19 73.31918
9 20 39.44477
9 21 87.42580
9 22 74.05825
9 23 79.05633
9 24 51.69691
9 25 86.15080
9 26 68.11675
9 27 84.92914
9 28 103.60204
9 29 60.37054
10 11 82.89880
10 12 79.18695
10 13 39.33299
10 14 84.46780
10 15 90.26294
10 16 64.25606
10 17 50.51921
10 18 72.49171
10 19 78.84051
10 20 91.36929
10 21 79.22131
10 22 83.24906
10 23 104.81200
10 24 88.87997
10 25 75.54395
10 26 86.50727
10 27 31.72815
10 28 49.57082
10 29 105.06279
11 12 12.32206
11 13 63.33741
11 14 40.86497
11 15 68.84467
11 16 79.52537
11 17 65.21185
11 18 46.92052
11 19 66.40414
11 20 56.35157
11 21 29.36442
11 22 61.65230
11 23 32.29641
11 24 93.07674
11 25 42.38316
11 26 37.78027
11 27 55.26576
11 28 55.31794
11 29 53.80094
12 13 65.49271
12 14 46.94340
12 15 78.68818
12 16 82.45905
12 17 57.75730
12 18 37.65237
12 19 66.56773
12 20 66.65131
12 21 33.02267
12 22 62.53699
12 23 43.86139
12 24 100.64322
12 25 45.45079
12 26 43.42249
12 27 49.51267
12 28 45.53330
12 29 65.84709
13 14 55.23037
13 15 53.95330
13 16 53.98439
13 17 66.17995
13 18 76.16902
13 19 60.60651
13 20 53.11726
13 21 62.79016
13 22 62.87036
13 23 74.93398
13 24 61.15877
13 25 60.86848
13 26 58.97913
13 27 41.63878
13 28 61.87082
13 29 69.38065
14 15 63.45401
14 16 93.60770
14 17 90.34988
14 18 80.84593
14 19 35.33456
14 20 37.18427
14 21 63.15784
14 22 29.39814
14 23 36.75200
14 24 92.21035
14 25 72.06861
14 26 5.92535
14 27 68.00378
14 28 74.21598
14 29 50.95778
15 16 57.95996
15 17 98.64111
15 18 98.34814
15 19 89.52667
15 20 30.13155
15 21 62.37840
15 22 87.31213
15 23 59.50153
15 24 34.00779
15 25 59.90664
15 26 67.37545
15 27 83.48720
15 28 99.95383
15 29 31.89084
16 17 63.88894
16 18 77.08067
16 19 110.62139
16 20 78.34625
16 21 57.22549
16 22 110.90924
16 23 92.46931
16 24 44.00043
16 25 44.62290
16 26 95.97227
16 27 62.19315
16 28 79.88183
16 29 78.71255
17 18 29.50219
17 19 96.68680
17 20 100.70514
17 21 54.17456
17 22 97.46893
17 23 95.35147
17 24 101.92944
17 25 51.56016
17 26 89.54613
17 27 28.90448
17 28 27.48574
17 29 103.40013
18 19 92.93147
18 20 95.53040
18 21 41.10165
18 22 91.38905
18 23 78.54079
18 24 109.82090
18 25 45.49457
18 26 78.34377
18 27 42.21350
18 28 31.09695
18 29 93.80359
19 20 65.48553
19 21 88.49274
19 22 8.18278
19 23 71.34338
19 24 112.44157
19 25 96.06102
19 26 36.50261
19 27 70.11868
19 28 74.69193
19 29 84.54423
20 21 63.72049
20 22 61.87597
20 23 40.92440
20 24 62.36612
20 25 67.48335
20 26 41.52522
20 27 80.75620
20 28 93.80555
20 29 25.05562
21 22 85.21990
21 23 49.43303
21 24 78.26309
21 25 14.04359
21 26 62.05845
21 27 53.42614
21 28 57.90376
21 29 56.00320
22 23 64.70128
22 24 112.11868
22 25 93.62402
22 26 29.93805
22 27 71.87243
22 28 75.63228
22 29 79.64057
23 24 91.03045
23 25 60.29728
23 26 34.85661
23 27 82.21303
23 28 86.07156
23 29 32.52242
24 25 69.83118
24 26 96.32442
24 27 90.70423
24 28 110.27865
24 29 64.64686
25 26 71.86246
25 27 53.33459
25 28 61.16336
25 29 60.20822
26 27 68.20705
26 28 72.69002
26 29 52.92480
27 28 22.04971
27 29 89.46360
28 29 100.15275
